[gd_scene load_steps=6 format=3 uid="uid://cwr1kqp4enxs7"]

[ext_resource type="PackedScene" uid="uid://ps43w3j1l7po" path="res://cube_stuff/cube.tscn" id="1_a202f"]
[ext_resource type="PackedScene" uid="uid://jgs81v5axsbi" path="res://level_stuff/character.tscn" id="2_noarx"]
[ext_resource type="Script" uid="uid://f1knvvm7bxqg" path="res://level_stuff/movement.gd" id="3_a0tk4"]
[ext_resource type="Script" uid="uid://c1qugp6ftiv1m" path="res://level_stuff/camera.gd" id="4_6eogy"]

[sub_resource type="Environment" id="Environment_krji3"]
background_mode = 1
background_color = Color(0.6624523, 0.66245234, 0.66245216, 1)

[node name="Level" type="Node3D"]

[node name="Camera3D" type="Camera3D" parent="."]
transform = Transform3D(0.7071068, -0.40860704, 0.5770964, 0, 0.8161376, 0.5778576, -0.7071068, -0.40860704, 0.5770964, 10, 10, 10)
environment = SubResource("Environment_krji3")
projection = 1
current = true
size = 10.0

[node name="Camera3D2" type="Camera3D" parent="."]
transform = Transform3D(-0.57357645, -0.5265407, 0.6275068, 0, 0.7660444, 0.6427875, -0.819152, 0.36868778, -0.43938503, 5, 7, -5)
fov = 60.0

[node name="DirectionalLight3D" type="DirectionalLight3D" parent="."]
transform = Transform3D(0.9848078, -0.16773127, 0.044943467, 0, 0.2588191, 0.9659258, -0.1736482, -0.95125127, 0.25488704, 0, 0, 0)

[node name="Structure" type="Node3D" parent="."]

[node name="Cube11" parent="Structure" instance=ExtResource("1_a202f")]
transform = Transform3D(1, 0, 0, 0, 1, 0, 0, 0, 1, 0, 3, 2)
enable_six = false

[node name="Cube10" parent="Structure" instance=ExtResource("1_a202f")]
transform = Transform3D(1, 0, 0, 0, 1, 0, 0, 0, 1, -1, 3, 2)

[node name="Cube9" parent="Structure" instance=ExtResource("1_a202f")]
transform = Transform3D(1, 0, 0, 0, 1, 0, 0, 0, 1, -2, 3, 2)

[node name="Cube" parent="Structure" instance=ExtResource("1_a202f")]
transform = Transform3D(1, 0, 0, 0, 1, 0, 0, 0, 1, -2, 2, 2)

[node name="Cube2" parent="Structure" instance=ExtResource("1_a202f")]
transform = Transform3D(1, 0, 0, 0, 1, 0, 0, 0, 1, -2, 1, 2)

[node name="Cube3" parent="Structure" instance=ExtResource("1_a202f")]
transform = Transform3D(1, 0, 0, 0, 1, 0, 0, 0, 1, -2, 0, 2)

[node name="Cube4" parent="Structure" instance=ExtResource("1_a202f")]
transform = Transform3D(1, 0, 0, 0, 1, 0, 0, 0, 1, -2, -1, 2)

[node name="Cube5" parent="Structure" instance=ExtResource("1_a202f")]
transform = Transform3D(1, 0, 0, 0, 1, 0, 0, 0, 1, -2, -2, 2)

[node name="Cube6" parent="Structure" instance=ExtResource("1_a202f")]
transform = Transform3D(1, 0, 0, 0, 1, 0, 0, 0, 1, -2, -3, 2)

[node name="Cube7" parent="Structure" instance=ExtResource("1_a202f")]
transform = Transform3D(1, 0, 0, 0, 1, 0, 0, 0, 1, -2, -3, 1)

[node name="Cube8" parent="Structure" instance=ExtResource("1_a202f")]
transform = Transform3D(1, 0, 0, 0, 1, 0, 0, 0, 1, -2, -3, 0)

[node name="Cube13" parent="Structure" instance=ExtResource("1_a202f")]
transform = Transform3D(1, 0, 0, 0, 1, 0, 0, 0, 1, -2, -3, -1)

[node name="Cube16" parent="Structure" instance=ExtResource("1_a202f")]
transform = Transform3D(1, 0, 0, 0, 1, 0, 0, 0, 1, -2, -3, -2)

[node name="Cube17" parent="Structure" instance=ExtResource("1_a202f")]
transform = Transform3D(1, 0, 0, 0, 1, 0, 0, 0, 1, -2, -3, -3)

[node name="Cube18" parent="Structure" instance=ExtResource("1_a202f")]
transform = Transform3D(1, 0, 0, 0, 1, 0, 0, 0, 1, -2, -3, -4)

[node name="Cube15" parent="Structure" instance=ExtResource("1_a202f")]
transform = Transform3D(1, 0, 0, 0, 1, 0, 0, 0, 1, -3, -3, -4)

[node name="Cube14" parent="Structure" instance=ExtResource("1_a202f")]
transform = Transform3D(1, 0, 0, 0, 1, 0, 0, 0, 1, -4, -3, -4)

[node name="Cube12" parent="Structure" instance=ExtResource("1_a202f")]
transform = Transform3D(1, 0, 0, 0, 1, 0, 0, 0, 1, -5, -3, -4)

[node name="Character" parent="." instance=ExtResource("2_noarx")]
transform = Transform3D(1, 0, 0, 0, 1, 0, 0, 0, 1, -2, -2.5, 1)

[node name="Node" type="Node" parent="." node_paths=PackedStringArray("player")]
script = ExtResource("3_a0tk4")
point_a = Vector3(-2, -2.5, 1)
point_b = Vector3(-2, -2.5, -4)
point_c = Vector3(-5, -2.5, -4)
point_d = Vector3(0, 3.5, 2)
point_e = Vector3(-2, 3.5, 2)
player = NodePath("../Character")

[node name="Node2" type="Node" parent="." node_paths=PackedStringArray("cam1", "cam2")]
script = ExtResource("4_6eogy")
cam1 = NodePath("../Camera3D")
cam2 = NodePath("../Camera3D2")

[node name="SubViewportContainer" type="SubViewportContainer" parent="."]
offset_right = 40.0
offset_bottom = 40.0

[node name="SubViewport" type="SubViewport" parent="SubViewportContainer"]
own_world_3d = true
transparent_bg = true
handle_input_locally = false
size = Vector2i(1152, 648)
render_target_update_mode = 4

[node name="Camera3D" type="Camera3D" parent="SubViewportContainer/SubViewport"]
transform = Transform3D(0.7071068, -0.40860704, 0.5770964, 0, 0.8161376, 0.5778576, -0.7071068, -0.40860704, 0.5770964, 10, 10, 10)
environment = SubResource("Environment_krji3")
projection = 1
size = 10.0

[node name="DirectionalLight3D" type="DirectionalLight3D" parent="SubViewportContainer/SubViewport"]
transform = Transform3D(0.9848078, -0.16773127, 0.044943467, 0, 0.2588191, 0.9659258, -0.1736482, -0.95125127, 0.25488704, 0, 0, 0)

[node name="SubViewport2" type="SubViewport" parent="SubViewportContainer"]
own_world_3d = true
transparent_bg = true
handle_input_locally = false
size = Vector2i(1152, 648)
render_target_update_mode = 4

[node name="Camera3D" type="Camera3D" parent="SubViewportContainer/SubViewport2"]
transform = Transform3D(0.7071068, -0.40860704, 0.5770964, 0, 0.8161376, 0.5778576, -0.7071068, -0.40860704, 0.5770964, 10, 10, 10)
environment = SubResource("Environment_krji3")
projection = 1
size = 10.0

[node name="DirectionalLight3D" type="DirectionalLight3D" parent="SubViewportContainer/SubViewport2"]
transform = Transform3D(0.9848078, -0.16773127, 0.044943467, 0, 0.2588191, 0.9659258, -0.1736482, -0.95125127, 0.25488704, 0, 0, 0)

[node name="SubViewport3" type="SubViewport" parent="SubViewportContainer"]
own_world_3d = true
transparent_bg = true
handle_input_locally = false
size = Vector2i(1152, 648)
render_target_update_mode = 4

[node name="Camera3D" type="Camera3D" parent="SubViewportContainer/SubViewport3"]
transform = Transform3D(0.7071068, -0.40860704, 0.5770964, 0, 0.8161376, 0.5778576, -0.7071068, -0.40860704, 0.5770964, 10, 10, 10)
environment = SubResource("Environment_krji3")
projection = 1
size = 10.0

[node name="DirectionalLight3D" type="DirectionalLight3D" parent="SubViewportContainer/SubViewport3"]
transform = Transform3D(0.9848078, -0.16773127, 0.044943467, 0, 0.2588191, 0.9659258, -0.1736482, -0.95125127, 0.25488704, 0, 0, 0)
